0.000000 0.0000000 0.0000000 0.0000000 -0.0000000 -0.0000000 -0.0000000 1.0000000
1.699983 -0.0014916 -0.0052890 0.0025189 -0.0010687 0.0005427 -0.0001912 0.9999993
1.733316 0.0003556 -0.0041606 0.0036586 -0.0010420 0.0002977 -0.0002594 0.9999994
1.833315 -0.0046243 -0.0013197 -0.0009708 -0.0007177 0.0010607 -0.0016310 0.9999979
1.966647 -0.0055887 0.0002871 0.0062763 -0.0007610 0.0012439 -0.0023637 0.9999962
2.033313 -0.0111252 -0.0009921 0.0035666 -0.0010114 0.0018037 -0.0031188 0.9999930
2.099979 -0.0103260 0.0005035 0.0064945 -0.0008403 0.0017211 -0.0030919 0.9999934
2.266644 -0.0122162 0.0030413 0.0099846 0.0000157 0.0020982 -0.0024117 0.9999949
9.633237 -0.0016986 -0.0073780 0.0001553 -0.0011794 0.0007188 -0.0003244 0.9999990
11.199888 -0.0059669 -0.0073719 0.0091502 -0.0015855 0.0017397 -0.0015100 0.9999961
19.766469 0.0059473 -0.0064658 0.0075614 -0.0015075 0.0058589 0.0024021 0.9999788
20.333130 0.0060717 -0.0072696 0.0057334 0.0021414 0.0090144 0.0019846 0.9999551
21.533118 0.0014676 0.0082589 0.0012612 0.0041626 0.0131098 -0.0017448 0.9999039
22.566441 0.0004912 0.0162122 0.0050331 0.0029578 0.0127116 -0.0018051 0.9999132
23.199768 -0.0004664 0.0243427 0.0025903 0.0042143 0.0114864 -0.0018053 0.9999235
23.533098 -0.0065567 0.0300217 0.0046365 0.0027835 0.0084040 -0.0028989 0.9999566
24.066426 -0.0013721 0.0349295 0.0096042 0.0011841 0.0093090 -0.0002949 0.9999560
24.366423 0.0034966 0.0372627 0.0102766 0.0000723 0.0121327 0.0013423 0.9999255
24.599754 0.0037287 0.0417768 0.0106668 -0.0007319 0.0075536 0.0025584 0.9999679
25.099749 0.0041020 0.0512917 0.0146478 -0.0024685 0.0069061 0.0011421 0.9999725
25.233081 0.0103592 0.0531084 0.0150466 -0.0028731 0.0101568 0.0013510 0.9999434
25.599744 0.0058793 0.0572619 0.0160834 -0.0026654 0.0181072 -0.0005674 0.9998323
25.833075 0.0038198 0.0598585 0.0138246 -0.0031258 0.0094766 -0.0006719 0.9999500
26.133072 0.0038908 0.0648340 0.0141054 -0.0031899 0.0035542 -0.0015193 0.9999875
26.866398 0.0036101 0.0764947 0.0144282 -0.0038544 0.0005480 -0.0020493 0.9999903
27.966387 0.0095559 0.0854884 0.0242058 -0.0090823 -0.0023771 -0.0000018 0.9999560
29.466372 0.0092699 0.1002529 0.0245217 -0.0089119 0.0060497 -0.0032701 0.9999366
31.533018 0.0147431 0.1125563 0.0281445 -0.0153744 -0.0160544 0.0032672 0.9997476
33.066336 0.0171472 0.1267475 0.0257809 -0.0149967 -0.0206964 0.0044474 0.9996635
34.399656 0.0155714 0.1470449 0.0297931 -0.0162820 -0.0187096 0.0030846 0.9996876
35.632977 0.0162672 0.1481955 0.0268788 -0.0139076 -0.0205873 0.0046956 0.9996803
36.866298 0.0106273 0.1511694 0.0141000 -0.0070093 -0.0167169 -0.0004431 0.9998356
40.499595 0.0077062 0.1484191 0.0179030 -0.0102195 -0.0161879 -0.0015990 0.9998155
40.732926 0.0084514 0.1510901 0.0261513 -0.0104474 -0.0148824 -0.0007582 0.9998344
40.932924 0.0102752 0.1513312 0.0224692 -0.0106332 -0.0159512 -0.0008939 0.9998158
40.966257 0.0018504 0.1496048 0.0215384 -0.0108048 -0.0152411 -0.0010377 0.9998249
41.232921 0.0036358 0.1571807 0.0263394 -0.0087904 -0.0149359 -0.0007260 0.9998496
42.466242 0.0058375 0.1531551 0.0240833 -0.0094524 -0.0151308 -0.0007377 0.9998406
44.799552 0.0114076 0.1526215 0.0179745 -0.0098361 -0.0162816 -0.0011357 0.9998184
48.199518 0.0100997 0.1529398 0.0186176 -0.0096621 -0.0160999 -0.0009952 0.9998232
53.532798 0.0100309 0.1481452 0.0189899 -0.0102749 -0.0162094 -0.0009618 0.9998153
56.899431 0.0171660 0.1514165 0.0185357 -0.0107773 -0.0323933 0.0052913 0.9994031
57.032763 0.0195238 0.1494728 0.0169484 -0.0121996 -0.0426629 0.0061915 0.9989958
57.132762 0.0151993 0.1460774 0.0162328 -0.0138987 -0.0590271 0.0062157 0.9981403
57.466092 0.0172351 0.1527428 0.0211479 -0.0178958 -0.0997562 0.0066550 0.9948287
57.832755 0.0235958 0.1501888 0.0204323 -0.0185432 -0.1242485 0.0097993 0.9920294
59.299407 0.0331197 0.1602150 0.0251364 -0.0096213 -0.1155014 0.0113762 0.9931956
59.532738 0.0274019 0.1661368 0.0254838 -0.0120942 -0.1114422 0.0115630 0.9936301
59.599404 0.0270142 0.1652915 0.0254471 -0.0133359 -0.1075476 0.0110556 0.9940491
59.999400 0.0297050 0.1770949 0.0355398 -0.0175140 -0.0953356 0.0130986 0.9952049
60.132732 0.0335105 0.1803495 0.0358168 -0.0180266 -0.0885083 0.0145091 0.9958066
60.232731 0.0340500 0.1834122 0.0380182 -0.0188222 -0.0837685 0.0148882 0.9961962
60.632727 0.0292544 0.1888298 0.0403175 -0.0228014 -0.0784980 0.0146201 0.9965463
60.799392 0.0314102 0.1978227 0.0463468 -0.0236893 -0.0767329 0.0121263 0.9966965
61.332720 0.0288821 0.2031223 0.0440230 -0.0224925 -0.0569827 0.0093526 0.9980780
61.532718 0.0251210 0.2083860 0.0448802 -0.0251298 -0.0564337 0.0108579 0.9980310
61.699383 0.0300437 0.2134595 0.0476919 -0.0268936 -0.0586345 0.0107719 0.9978591
61.799382 0.0317867 0.2167397 0.0495542 -0.0292976 -0.0647595 0.0102518 0.9974180
61.899381 0.0332335 0.2229757 0.0541862 -0.0309927 -0.0681533 0.0104547 0.9971386
62.199378 0.0296971 0.2272419 0.0520808 -0.0304774 -0.0711039 0.0099224 0.9969538
62.432709 0.0309667 0.2322839 0.0494635 -0.0278952 -0.0683428 0.0092650 0.9972288
62.599374 0.0278483 0.2355599 0.0455475 -0.0278397 -0.0629046 0.0091233 0.9975895
62.732706 0.0295784 0.2402286 0.0482505 -0.0267079 -0.0608448 0.0077192 0.9977600
62.799372 0.0320284 0.2425108 0.0486410 -0.0266817 -0.0619327 0.0075224 0.9976953
62.866038 0.0227066 0.2759632 0.0379105 -0.0219085 -0.0611597 0.0063092 0.9978676
63.032703 0.0226249 0.2806825 0.0389399 -0.0226599 -0.0617316 0.0052931 0.9978215
63.199368 0.0239351 0.2856989 0.0383531 -0.0218386 -0.0611014 0.0058599 0.9978755
63.299367 0.0238423 0.2859909 0.0382409 -0.0214520 -0.0601184 0.0067567 0.9979379
63.366033 0.0266837 0.2892730 0.0380862 -0.0222577 -0.0605601 0.0080320 0.9978840
63.466032 0.0262620 0.2891068 0.0377270 -0.0201115 -0.0575392 0.0084594 0.9981048
63.532698 0.0264695 0.2887073 0.0353729 -0.0186397 -0.0532486 0.0087640 0.9983689
63.766029 0.0292757 0.2921600 0.0337931 -0.0177999 -0.0524474 0.0106643 0.9984081
63.999360 0.0307255 0.2938749 0.0329475 -0.0139044 -0.0498768 0.0092417 0.9986159
64.232691 0.0263616 0.2929780 0.0315547 -0.0144951 -0.0425879 0.0059874 0.9989697
64.399356 0.0279935 0.2990330 0.0359109 -0.0158646 -0.0480065 0.0049635 0.9987087
64.632687 0.0272736 0.2984705 0.0321323 -0.0134145 -0.0410916 0.0042959 0.9990561
64.732686 0.0267835 0.2983381 0.0303142 -0.0110602 -0.0409719 0.0037600 0.9990920
64.799352 0.0277443 0.3004760 0.0314628 -0.0096058 -0.0395385 0.0023337 0.9991692
64.832685 0.0285132 0.3015875 0.0327859 -0.0087930 -0.0385618 0.0012549 0.9992167
64.966017 0.0260421 0.3021760 0.0315336 -0.0103545 -0.0340226 0.0001096 0.9993674
64.999350 0.0264534 0.3029903 0.0306137 -0.0153284 -0.0380881 -0.0003345 0.9991568
65.032683 0.0287297 0.3078703 0.0355740 -0.0153851 -0.0406265 0.0006830 0.9990557
65.099349 0.0282829 0.3090384 0.0371191 -0.0162616 -0.0388739 0.0013292 0.9991109
65.132682 0.0285015 0.3095702 0.0373278 -0.0136761 -0.0349549 0.0008827 0.9992949
65.299347 0.0272428 0.3070346 0.0334920 -0.0119387 -0.0366127 0.0008920 0.9992578
65.399346 0.0281579 0.3073086 0.0335371 -0.0121831 -0.0386411 0.0012465 0.9991781
65.599344 0.0276833 0.3074912 0.0333803 -0.0127266 -0.0401548 0.0004072 0.9991124
65.766009 0.0276360 0.3086434 0.0356155 -0.0156272 -0.0451950 0.0037932 0.9988487
66.332670 0.0228597 0.3104475 0.0389078 -0.0191566 -0.0406518 0.0016298 0.9989884
67.065996 0.0183544 0.3102917 0.0396848 -0.0202310 -0.0437074 -0.0041137 0.9988310
70.132632 0.0209450 0.3108894 0.0395474 -0.0197127 -0.0425559 -0.0015729 0.9988984
70.265964 0.0158628 0.3083190 0.0338697 -0.0199692 -0.0417926 -0.0015178 0.9989256
70.499295 0.0133194 0.3090551 0.0420690 -0.0206378 -0.0404359 -0.0022568 0.9989665
70.632627 0.0132859 0.3073567 0.0348348 -0.0206583 -0.0424253 -0.0032599 0.9988807
70.732626 0.0091418 0.3108222 0.0431168 -0.0201369 -0.0412321 -0.0029939 0.9989422
70.765959 0.0007464 0.3078514 0.0439518 -0.0206712 -0.0398085 -0.0031321 0.9989886
70.832625 0.0009871 0.3037145 0.0402387 -0.0211721 -0.0406093 -0.0022146 0.9989483
70.965957 0.0040587 0.3123674 0.0492094 -0.0197974 -0.0400570 -0.0026044 0.9989979
71.099289 0.0127932 0.3164363 0.0538299 -0.0191907 -0.0411556 -0.0018815 0.9989667
71.365953 0.0113276 0.3093662 0.0406581 -0.0197874 -0.0402856 -0.0031160 0.9989874
71.865948 0.0097274 0.3115769 0.0425848 -0.0195917 -0.0408571 -0.0028748 0.9989688
72.099279 0.0196639 0.3113805 0.0432255 -0.0198402 -0.0421467 -0.0022202 0.9989120
72.165945 0.0193057 0.3126258 0.0461051 -0.0196854 -0.0421827 -0.0023461 0.9989132
72.399276 0.0173941 0.3109832 0.0426791 -0.0199032 -0.0420899 -0.0026634 0.9989120
72.599274 0.0158740 0.3092205 0.0386775 -0.0199368 -0.0413411 -0.0029726 0.9989417
73.065936 0.0191198 0.3118038 0.0428962 -0.0199461 -0.0424471 -0.0022441 0.9988971
73.465932 0.0146549 0.3089535 0.0372078 -0.0202206 -0.0420873 -0.0024217 0.9989064
77.499225 0.0204588 0.3110297 0.0400822 -0.0199532 -0.0426489 -0.0020720 0.9988887
77.699223 0.0187480 0.3101529 0.0392597 -0.0200407 -0.0424927 -0.0023758 0.9988930
77.832555 0.0211345 0.3107652 0.0399870 -0.0200222 -0.0427054 -0.0021926 0.9988847
77.999220 0.0179479 0.3085160 0.0363930 -0.0202016 -0.0420781 -0.0025533 0.9989069
78.565881 0.0167284 0.3082623 0.0361252 -0.0202021 -0.0418224 -0.0025696 0.9989175
78.599214 0.0141458 0.3078969 0.0349121 -0.0202126 -0.0414172 -0.0027135 0.9989338
78.732546 0.0123494 0.3078785 0.0346744 -0.0201930 -0.0410086 -0.0028560 0.9989507
78.899211 0.0136406 0.3101435 0.0389002 -0.0199990 -0.0413320 -0.0025702 0.9989420
79.265874 0.0116835 0.3091440 0.0376194 -0.0200391 -0.0409887 -0.0028737 0.9989545
79.432539 0.0140346 0.3116380 0.0427102 -0.0198491 -0.0413553 -0.0026509 0.9989438
79.632537 0.0160442 0.3143435 0.0479950 -0.0193718 -0.0414670 -0.0024692 0.9989490
79.799202 0.0149226 0.3110450 0.0480475 -0.0200954 -0.0410398 -0.0022297 0.9989530
79.865868 0.0106884 0.3103006 0.0526322 -0.0207019 -0.0408723 -0.0021300 0.9989476
79.965867 0.0090865 0.3102227 0.0493360 -0.0201348 -0.0406306 -0.0024544 0.9989683
80.132532 0.0247814 0.3117638 0.0491908 -0.0199445 -0.0438049 -0.0028635 0.9988369
80.432529 0.0147996 0.3141914 0.0480733 -0.0194551 -0.0433519 -0.0037745 0.9988633
80.632527 0.0101320 0.3088661 0.0469104 -0.0206680 -0.0437979 -0.0046885 0.9988156
80.765859 0.0168876 0.3079511 0.0489000 -0.0209373 -0.0450436 -0.0053234 0.9987514
80.865858 0.0154545 0.3074011 0.0523316 -0.0209522 -0.0446977 -0.0050076 0.9987683
81.032523 0.0155025 0.3111842 0.0552975 -0.0196642 -0.0435401 -0.0029569 0.9988538
85.432479 0.0141271 0.3092466 0.0392859 -0.0221106 -0.0437097 -0.0024271 0.9987966
85.699143 0.0147204 0.3114442 0.0528907 -0.0273589 -0.0451785 -0.0035276 0.9985980
85.799142 0.0155222 0.3093208 0.0556857 -0.0329443 -0.0449127 -0.0031269 0.9984426
85.865808 0.0117316 0.3083854 0.0599438 -0.0355014 -0.0446734 -0.0025593 0.9983674
85.899141 0.0103716 0.3078940 0.0612057 -0.0359400 -0.0421460 -0.0026618 0.9984613
85.965807 0.0104949 0.3084687 0.0758449 -0.0380360 -0.0419649 -0.0033924 0.9983891
86.099139 0.0043217 0.3108370 0.0944066 -0.0397883 -0.0331065 -0.0067661 0.9986366
86.265804 0.0056529 0.3153746 0.0985932 -0.0383809 -0.0419146 -0.0099473 0.9983342
86.432469 -0.0006921 0.3059866 0.1171309 -0.0383998 -0.0589558 -0.0124040 0.9974446
86.565801 -0.0043261 0.3049243 0.1319854 -0.0375389 -0.0635120 -0.0149270 0.9971631
86.632467 -0.0067696 0.2868602 0.1555514 -0.0385158 -0.0662631 -0.0163328 0.9969248
86.765799 -0.0092458 0.2904920 0.1777273 -0.0372629 -0.0768566 -0.0167984 0.9962040
86.799132 -0.0083176 0.2889883 0.1854766 -0.0378851 -0.0794519 -0.0165973 0.9959803
86.899131 -0.0062075 0.2817092 0.2087739 -0.0377815 -0.0811784 -0.0157330 0.9958590
86.932464 -0.0075452 0.2804182 0.2133617 -0.0377277 -0.0798428 -0.0165394 0.9959559
86.965797 -0.0025709 0.2804096 0.2225952 -0.0365515 -0.0754079 -0.0172646 0.9963331
87.065796 -0.0014533 0.2801418 0.2403379 -0.0357457 -0.0656687 -0.0175032 0.9970474
87.132462 -0.0031235 0.2790559 0.2519303 -0.0351066 -0.0575856 -0.0179756 0.9975612
87.199128 -0.0044743 0.2778402 0.2627239 -0.0345982 -0.0466963 -0.0185969 0.9981366
87.265794 -0.0016276 0.2792189 0.2744631 -0.0329358 -0.0405738 -0.0188862 0.9984550
87.299127 -0.0026922 0.2766472 0.2800049 -0.0325317 -0.0373363 -0.0190275 0.9985918
87.399126 -0.0018285 0.2745225 0.2973537 -0.0320272 -0.0331957 -0.0200736 0.9987339
87.465792 -0.0023957 0.2712478 0.3080621 -0.0321199 -0.0344619 -0.0203555 0.9986823
87.565791 0.0093486 0.2598124 0.3604903 -0.0349627 -0.0456323 -0.0205767 0.9981343
87.632457 0.0132350 0.2575605 0.3696528 -0.0336362 -0.0536065 -0.0208998 0.9977766
87.699123 0.0108552 0.2551197 0.3828149 -0.0339565 -0.0616953 -0.0217764 0.9972795
87.799122 0.0117804 0.2523249 0.3978230 -0.0318049 -0.0694024 -0.0232895 0.9968096
87.865788 0.0109886 0.2493244 0.4059874 -0.0308629 -0.0732726 -0.0242934 0.9965382
87.965787 0.0109413 0.2479046 0.4212359 -0.0287417 -0.0747569 -0.0266925 0.9964300
88.032453 0.0181346 0.2418453 0.4402107 -0.0267668 -0.0747931 -0.0279823 0.9964470
88.165785 0.0209169 0.2391141 0.4511769 -0.0232064 -0.0842154 -0.0299093 0.9957282
88.332450 0.0270562 0.2408008 0.4709212 -0.0183552 -0.1093040 -0.0324022 0.9933105
88.499115 0.0368043 0.2404002 0.4802094 -0.0143741 -0.1403132 -0.0295715 0.9895611
88.565781 0.0377612 0.2446624 0.4893318 -0.0127373 -0.1451049 -0.0280085 0.9889377
88.665780 0.0415978 0.2431786 0.4950334 -0.0112964 -0.1444429 -0.0250710 0.9891310
88.765779 0.0509256 0.2407686 0.5004966 -0.0111866 -0.1413363 -0.0219656 0.9896547
88.932444 0.0628395 0.2402391 0.5108865 -0.0141259 -0.1510352 -0.0160879 0.9882966
89.132442 0.0807805 0.2416868 0.5299641 -0.0195823 -0.1662380 -0.0069129 0.9858670
89.165775 0.0824704 0.2428932 0.5306668 -0.0211008 -0.1651082 -0.0059800 0.9860316
89.265774 0.0882314 0.2394858 0.5382341 -0.0227349 -0.1610661 -0.0036678 0.9866749
89.332440 0.0896497 0.2371890 0.5411365 -0.0249204 -0.1553728 -0.0036292 0.9875349
89.399106 0.0902617 0.2362951 0.5440044 -0.0265933 -0.1548310 -0.0021525 0.9875807
89.532438 0.1014012 0.2376706 0.5616578 -0.0294301 -0.1515635 -0.0013229 0.9880084
89.599104 0.1039183 0.2376441 0.5676842 -0.0292648 -0.1495110 -0.0013475 0.9883260
89.665770 0.1042746 0.2376552 0.5742262 -0.0319512 -0.1491484 -0.0021030 0.9882963
89.765769 0.1061239 0.2381919 0.5864475 -0.0329763 -0.1476417 -0.0042482 0.9884819
89.865768 0.1062345 0.2411354 0.6007948 -0.0334826 -0.1429610 -0.0078649 0.9891306
89.932434 0.1048810 0.2424636 0.6124521 -0.0342814 -0.1396171 -0.0110490 0.9895503
90.065766 0.1108198 0.2439319 0.6349357 -0.0356231 -0.1407740 -0.0148816 0.9892887
90.232431 0.1198031 0.2468062 0.6635203 -0.0356005 -0.1388853 -0.0194497 0.9894772
90.265764 0.1205413 0.2471942 0.6690810 -0.0349024 -0.1344953 -0.0214855 0.9900663
90.332430 0.1141477 0.2493113 0.6728216 -0.0326141 -0.1256521 -0.0243500 0.9912391
90.399096 0.1175868 0.2479692 0.6873921 -0.0303703 -0.1171659 -0.0265834 0.9922919
90.499095 0.1200659 0.2482453 0.6996699 -0.0267075 -0.1090486 -0.0300920 0.9932218
90.632427 0.1231135 0.2472439 0.7140039 -0.0233682 -0.1163005 -0.0325604 0.9924052
90.699093 0.1249624 0.2450298 0.7178047 -0.0217989 -0.1234395 -0.0339628 0.9915312
90.932424 0.1369332 0.2437437 0.7389760 -0.0183872 -0.1455515 -0.0337926 0.9886025
91.265754 0.1717595 0.2427695 0.7873755 -0.0218324 -0.1608052 -0.0239352 0.9864543
91.399086 0.1983643 0.2431034 0.8123914 -0.0245064 -0.1674742 -0.0173754 0.9854187
91.532418 0.2200802 0.2441857 0.8332307 -0.0269330 -0.1659141 -0.0105860 0.9857155
91.632417 0.2375142 0.2464680 0.8495507 -0.0269682 -0.1594031 -0.0076203 0.9868158
91.765749 0.2631726 0.2493652 0.8735223 -0.0270588 -0.1553438 -0.0029400 0.9874854
91.832415 0.2745322 0.2481373 0.8805338 -0.0264725 -0.1555367 -0.0014515 0.9874743
91.932414 0.2936366 0.2470118 0.8958427 -0.0254251 -0.1594638 0.0009361 0.9868759
92.132412 0.3215056 0.2465767 0.9229367 -0.0239915 -0.1681674 -0.0006265 0.9854663
92.265744 0.3342225 0.2451783 0.9392302 -0.0225917 -0.1766529 -0.0060155 0.9839956
92.399076 0.3397584 0.2455505 0.9572389 -0.0214416 -0.1852068 -0.0142497 0.9823623
92.632407 0.3468016 0.2486212 0.9894081 -0.0222811 -0.1982486 -0.0288411 0.9794739
92.799072 0.3528343 0.2548760 1.0168846 -0.0247984 -0.2055937 -0.0367846 0.9776314
92.899071 0.3565929 0.2561995 1.0357100 -0.0238919 -0.2069655 -0.0391176 0.9772739
92.999070 0.3622469 0.2568820 1.0536809 -0.0260759 -0.2067997 -0.0402114 0.9772088
93.132402 0.3703038 0.2554801 1.0798147 -0.0258823 -0.2048411 -0.0388986 0.9776795
93.165735 0.3715153 0.2550400 1.0854257 -0.0238110 -0.1984181 -0.0399950 0.9790116
93.332400 0.3802467 0.2544824 1.1155936 -0.0229691 -0.1845535 -0.0368161 0.9818640
93.532398 0.3919941 0.2571205 1.1492430 -0.0217824 -0.1793310 -0.0331211 0.9829898
93.832395 0.4142561 0.2616386 1.1906800 -0.0200335 -0.1862103 -0.0253903 0.9819775
93.965727 0.4293096 0.2606224 1.2125255 -0.0197369 -0.1878946 -0.0216456 0.9817523
94.132392 0.4524918 0.2591216 1.2419826 -0.0214844 -0.1977576 -0.0161042 0.9798831
94.432389 0.5042344 0.2520393 1.2977585 -0.0230630 -0.2224621 -0.0104472 0.9746125
94.599054 0.5336187 0.2496031 1.3244457 -0.0205621 -0.2403881 -0.0099745 0.9704078
94.899051 0.5889573 0.2418870 1.3679183 -0.0151743 -0.2846677 -0.0133336 0.9584134
95.299047 0.6431147 0.2495313 1.4394580 -0.0192157 -0.3010668 -0.0273449 0.9530172
95.965707 0.6979072 0.2641633 1.5904900 -0.0392901 -0.3380529 -0.0376515 0.9395525
96.065706 0.7049818 0.2666331 1.6051209 -0.0378912 -0.3509525 -0.0352615 0.9349617
96.165705 0.7155515 0.2663783 1.6261231 -0.0366271 -0.3705916 -0.0305249 0.9275713
96.265704 0.7253777 0.2658749 1.6447388 -0.0322754 -0.3894131 -0.0256566 0.9201399
96.399036 0.7365854 0.2638989 1.6643889 -0.0262578 -0.4145128 -0.0181253 0.9094840
96.465702 0.7405590 0.2646378 1.6855340 -0.0248039 -0.4302465 -0.0149401 0.9022469
96.565701 0.7452710 0.2622127 1.6934980 -0.0205419 -0.4483791 -0.0120604 0.8935260
96.632367 0.7444666 0.2637803 1.6898404 -0.0166573 -0.4570315 -0.0115976 0.8892189
96.699033 0.7519472 0.2575436 1.7082428 -0.0165174 -0.4735187 -0.0116728 0.8805516
96.765699 0.7498991 0.2582164 1.7071719 -0.0140872 -0.4850844 -0.0111783 0.8742824
96.832365 0.7456365 0.2619104 1.7119663 -0.0134521 -0.4958811 -0.0106264 0.8682212
96.965697 0.7448866 0.2597904 1.7149287 -0.0116120 -0.5106317 -0.0128229 0.8596255
97.065696 0.7409221 0.2567851 1.7095113 -0.0103734 -0.5182325 -0.0154160 0.8550380
97.199028 0.7407074 0.2607970 1.7213713 -0.0099220 -0.5311698 -0.0186357 0.8470023
97.265694 0.7409720 0.2616145 1.7290579 -0.0111266 -0.5368504 -0.0202255 0.8433616
97.532358 0.7384121 0.2598803 1.7352312 -0.0210785 -0.5348869 -0.0244043 0.8443081
97.665690 0.7353187 0.2653814 1.7425342 -0.0248455 -0.5229123 -0.0253926 0.8516458
97.732356 0.7359789 0.2655191 1.7426410 -0.0264052 -0.5150114 -0.0266486 0.8563620
97.832355 0.7333860 0.2711261 1.7473820 -0.0285033 -0.5061429 -0.0269964 0.8615556
97.899021 0.7319253 0.2722845 1.7525535 -0.0323297 -0.5031330 -0.0282981 0.8631403
97.999020 0.7280945 0.2757760 1.7547443 -0.0342775 -0.4982255 -0.0296194 0.8658632
98.099019 0.7294310 0.2771157 1.7604553 -0.0343848 -0.4997851 -0.0296729 0.8649578
98.232351 0.7274876 0.2779178 1.7574295 -0.0342778 -0.5090916 -0.0262909 0.8596276
98.299017 0.7307528 0.2770306 1.7643342 -0.0339336 -0.5161117 -0.0232882 0.8555319
98.399016 0.7323637 0.2736785 1.7631266 -0.0331464 -0.5196428 -0.0193540 0.8535210
98.465682 0.7335398 0.2747573 1.7668829 -0.0312520 -0.5175782 -0.0181284 0.8548728
98.532348 0.7383734 0.2720691 1.7715584 -0.0282234 -0.5191460 -0.0149291 0.8540891
98.732346 0.7383835 0.2722683 1.7682794 -0.0231710 -0.5204272 -0.0100490 0.8535324
98.932344 0.7407793 0.2728019 1.7730200 -0.0202263 -0.5227107 -0.0104796 0.8522057
99.465672 0.7433801 0.2715314 1.7783526 -0.0240627 -0.5290147 -0.0173486 0.8480940
99.565671 0.7418476 0.2748611 1.7800459 -0.0246790 -0.5306486 -0.0170783 0.8470604
99.865668 0.7446996 0.2743330 1.7805116 -0.0261497 -0.5223498 -0.0189444 0.8521197
100.165665 0.7416136 0.2843525 1.7741460 -0.0274336 -0.5166502 -0.0190610 0.8555447
100.265664 0.7382463 0.2903627 1.7730962 -0.0288705 -0.5130419 -0.0193324 0.8576601
100.332330 0.7368500 0.2938855 1.7707155 -0.0298403 -0.5089191 -0.0201402 0.8600613
100.465662 0.7364305 0.2984815 1.7787135 -0.0331301 -0.5060662 -0.0208511 0.8616059
100.565661 0.7358322 0.3029354 1.7820137 -0.0350306 -0.5066739 -0.0211044 0.8611673
100.765659 0.7271414 0.3112538 1.7830861 -0.0388474 -0.5109501 -0.0204806 0.8584879
101.098989 0.7144627 0.3243294 1.7818286 -0.0396617 -0.5027519 -0.0150480 0.8633893
101.265654 0.7025759 0.3213512 1.7807314 -0.0384835 -0.4705224 -0.0156927 0.8814088
102.032313 0.6844561 0.3334439 1.7805812 -0.0302721 -0.4384984 -0.0172420 0.8980565
102.632307 0.6998206 0.3310621 1.7730134 -0.0260010 -0.4382238 -0.0122861 0.8984058
103.032303 0.7022994 0.3301157 1.7642562 -0.0207294 -0.4384879 -0.0126633 0.8984088
106.398936 0.7045406 0.3310452 1.7601326 -0.0183917 -0.4386187 -0.0121745 0.8984026
107.965587 0.7098930 0.3325320 1.7605072 -0.0179265 -0.4403705 -0.0101278 0.8975801
108.965577 0.7044439 0.3274205 1.7581844 -0.0183794 -0.4406900 -0.0121580 0.8973889
109.165575 0.6956186 0.3170556 1.7565110 -0.0170909 -0.4331029 -0.0150710 0.9010565
109.232241 0.6974707 0.3097797 1.7588511 -0.0164025 -0.4178773 -0.0160013 0.9082144
109.732236 0.6848421 0.2800685 1.7731038 -0.0165539 -0.3296806 -0.0124094 0.9438658
110.432229 0.6495290 0.1968933 1.7625334 -0.0179182 -0.3172016 -0.0037021 0.9481817
110.632227 0.6378659 0.1607956 1.7584288 -0.0132369 -0.3137577 -0.0035630 0.9494041
110.798892 0.6295215 0.1351664 1.7500502 -0.0072541 -0.3077926 -0.0018211 0.9514241
110.965557 0.6261001 0.1062813 1.7477678 0.0015101 -0.3116107 -0.0004554 0.9502085
111.165555 0.6239070 0.0717333 1.7319546 0.0125240 -0.3174823 0.0008795 0.9481811
111.498885 0.6247008 0.0318496 1.7261333 0.0256665 -0.3297028 0.0025732 0.9437323
111.665550 0.6219311 0.0102892 1.7206298 0.0293573 -0.3403057 0.0013780 0.9398555
111.898881 0.6207769 -0.0165838 1.7187120 0.0348775 -0.3311797 0.0035941 0.9429160
112.232211 0.6211911 -0.0557838 1.7185171 0.0411025 -0.3323659 0.0106457 0.9421943
112.398876 0.6235515 -0.0709782 1.7201196 0.0461464 -0.3381606 0.0144595 0.9398451
112.532208 0.6213851 -0.0806594 1.7181774 0.0509294 -0.3391903 0.0174617 0.9391758
112.565541 0.6203352 -0.0832011 1.7158103 0.0517076 -0.3397078 0.0184334 0.9389277
112.598874 0.6185273 -0.0879701 1.7158704 0.0525186 -0.3397496 0.0187026 0.9388623
112.632207 0.6160847 -0.0921143 1.7159262 0.0529708 -0.3380493 0.0182056 0.9394602
112.665540 0.6162382 -0.0990051 1.7148705 0.0534842 -0.3366564 0.0177022 0.9399408
112.698873 0.6162420 -0.1019787 1.7179152 0.0548653 -0.3366756 0.0184941 0.9398390
112.732206 0.6168272 -0.1084297 1.7160411 0.0556240 -0.3366607 0.0191121 0.9397874
112.765539 0.6161964 -0.1133143 1.7165449 0.0564732 -0.3361997 0.0190302 0.9399034
112.798872 0.6155727 -0.1189466 1.7157253 0.0568528 -0.3353694 0.0187574 0.9401826
112.865538 0.6166959 -0.1248683 1.7174488 0.0580948 -0.3356447 0.0202626 0.9399772
112.898871 0.6157275 -0.1295620 1.7181859 0.0573518 -0.3354358 0.0199377 0.9401044
112.932204 0.6145047 -0.1355446 1.7176929 0.0576679 -0.3342420 0.0202139 0.9405042
112.965537 0.6153793 -0.1400104 1.7188504 0.0588845 -0.3346434 0.0209995 0.9402688
112.998870 0.6165998 -0.1428389 1.7198660 0.0587692 -0.3347915 0.0212398 0.9402180
113.032203 0.6150720 -0.1479967 1.7195528 0.0579412 -0.3342188 0.0218187 0.9404598
113.065536 0.6154258 -0.1535160 1.7194657 0.0585315 -0.3356771 0.0224258 0.9398894
113.098869 0.6146307 -0.1581424 1.7174958 0.0584791 -0.3359259 0.0232818 0.9397829
113.132202 0.6145767 -0.1641583 1.7178240 0.0579508 -0.3355362 0.0236304 0.9399462
113.165535 0.6147070 -0.1664612 1.7179041 0.0590407 -0.3360999 0.0243309 0.9396591
113.198868 0.6152804 -0.1681805 1.7187558 0.0589893 -0.3361551 0.0252111 0.9396193
113.232201 0.6156245 -0.1723866 1.7189906 0.0581381 -0.3364746 0.0259866 0.9395369
113.265534 0.6160419 -0.1757804 1.7177321 0.0595606 -0.3370951 0.0263308 0.9392158
113.298867 0.6185880 -0.1796283 1.7196491 0.0603067 -0.3366564 0.0272336 0.9392997
113.332200 0.6204399 -0.1860789 1.7192795 0.0599300 -0.3380061 0.0285322 0.9388005
113.365533 0.6209990 -0.1896155 1.7214727 0.0597597 -0.3402429 0.0287950 0.9379949
113.398866 0.6209798 -0.1932820 1.7226202 0.0598265 -0.3381286 0.0288331 0.9387537
113.432199 0.6212673 -0.1971267 1.7218874 0.0604268 -0.3368856 0.0295718 0.9391391
114.098859 0.6208948 -0.2527740 1.7101536 0.0773638 -0.3133603 0.0250659 0.9461458
114.198858 0.6187367 -0.2631669 1.7050098 0.0803179 -0.3168453 0.0193934 0.9448714
114.265524 0.6187041 -0.2684356 1.7008572 0.0820337 -0.3189426 0.0163218 0.9440761
114.298857 0.6169851 -0.2692120 1.6992075 0.0825594 -0.3211445 0.0142326 0.9433174
114.365523 0.6178906 -0.2731469 1.6964253 0.0835135 -0.3261004 0.0116312 0.9415672
114.398856 0.6175966 -0.2734111 1.6938767 0.0831273 -0.3302265 0.0106543 0.9401738
114.632187 0.6238312 -0.2849909 1.6973629 0.0796543 -0.3540479 0.0085437 0.9317899
114.665520 0.6246726 -0.2845168 1.6948209 0.0793801 -0.3548009 0.0092370 0.9315202
114.832185 0.6240138 -0.2865355 1.6989881 0.0742715 -0.3538786 0.0110734 0.9322720
115.232181 0.6235395 -0.2874048 1.7043879 0.0632559 -0.3538481 0.0148437 0.9330434
115.298847 0.6222748 -0.2857336 1.7031699 0.0627886 -0.3553948 0.0145844 0.9324910
115.332180 0.6224801 -0.2846813 1.7000930 0.0631645 -0.3569517 0.0145910 0.9318706
115.365513 0.6232514 -0.2836698 1.7009785 0.0639630 -0.3585106 0.0151146 0.9312091
115.565511 0.6220478 -0.2809659 1.6999621 0.0657825 -0.3631485 0.0137057 0.9293051
115.665510 0.6201575 -0.2793258 1.6999931 0.0653653 -0.3649627 0.0131103 0.9286323
115.965507 0.6119150 -0.2715223 1.7003826 0.0625797 -0.3787647 0.0098244 0.9233226
116.165505 0.6076444 -0.2571179 1.6987180 0.0610545 -0.3920598 0.0071931 0.9178833
116.498835 0.6074670 -0.2432009 1.6979361 0.0587423 -0.4081749 0.0075391 0.9109806
116.698833 0.6022109 -0.2307913 1.7015537 0.0553114 -0.4060142 0.0097814 0.9121389
116.798832 0.5984322 -0.2179322 1.7036511 0.0532083 -0.4061075 0.0098941 0.9122213
116.932164 0.5886944 -0.2099018 1.7062240 0.0488588 -0.4082283 0.0084228 0.9115325
117.132162 0.5830106 -0.1841201 1.7054830 0.0414521 -0.4082259 0.0064826 0.9119163
117.165495 0.5795146 -0.1795011 1.7061597 0.0395905 -0.4084215 0.0061746 0.9119136
117.298827 0.5801468 -0.1700528 1.7087803 0.0326051 -0.4073465 0.0033150 0.9126855
117.365493 0.5773993 -0.1651660 1.7094882 0.0295204 -0.4048490 0.0018108 0.9139051
117.432159 0.5737689 -0.1561208 1.7121119 0.0261920 -0.4046006 0.0007758 0.9141180
117.665490 0.5753418 -0.1324008 1.7179705 0.0193256 -0.3985695 -0.0026278 0.9169307
117.832155 0.5734065 -0.1127683 1.7199337 0.0207024 -0.3871130 -0.0024121 0.9217967
118.032153 0.5735291 -0.0882046 1.7210126 0.0237123 -0.3782705 -0.0021876 0.9253888
118.165485 0.5726460 -0.0659469 1.7220618 0.0267237 -0.3774337 -0.0003982 0.9256508
118.265484 0.5764683 -0.0533124 1.7230939 0.0285174 -0.3748140 0.0005041 0.9266612
118.298817 0.5778586 -0.0508274 1.7227921 0.0291106 -0.3730089 0.0002860 0.9273710
118.498815 0.5743141 -0.0260610 1.7278305 0.0267206 -0.3634058 -0.0006199 0.9312475
118.698813 0.5677092 0.0045919 1.7330726 0.0189347 -0.3585713 -0.0022912 0.9333075
118.865478 0.5669510 0.0282902 1.7367768 0.0083651 -0.3596965 -0.0041328 0.9330227
119.098809 0.5660017 0.0639305 1.7451049 -0.0048779 -0.3503827 -0.0050653 0.9365802
119.232141 0.5644752 0.0853815 1.7491212 -0.0083525 -0.3369940 -0.0060454 0.9414504
119.565471 0.5582738 0.1424197 1.7436279 -0.0117068 -0.3151216 -0.0078992 0.9489462
120.932124 0.5565225 0.3052699 1.7416450 -0.0048610 -0.3025523 -0.0029714 0.9531158
